date, time, CPNUM, M(1;0), M(2;0), M(3;0), Copt, 
2019-03-28, 19:20:15, 2200, 12.23, 246.05, 6974.23, 0.00, 
2019-03-28, 19:21:32, 2056, 12.48, 254.47, 7422.75, 0.00, 
2019-03-28, 19:22:50, 2213, 12.12, 244.90, 7214.62, 0.00, 
2019-03-28, 19:24:10, 2084, 13.31, 292.11, 9645.12, 0.00, 
2019-03-28, 19:25:27, 2376, 11.24, 201.84, 5051.95, 0.00, 
2019-03-28, 19:26:44, 1956, 13.03, 322.31, 92651.14, 0.00, 
2019-03-28, 19:28:01, 2118, 12.42, 269.57, 114643.58, 0.00, 
2019-03-28, 19:29:17, 1801, 12.40, 237.34, 5987.88, 0.00, 
2019-03-28, 19:30:35, 1874, 12.59, 262.59, 7474.87, 0.00, 
2019-03-28, 19:31:51, 2207, 12.89, 280.73, 63565.16, 0.00, 
2019-03-28, 19:33:09, 2022, 12.63, 258.87, 7979.10, 0.00, 
2019-03-28, 19:34:26, 1812, 12.95, 265.06, 7299.14, 0.00, 
2019-03-28, 19:35:43, 2108, 12.68, 246.64, 6363.29, 0.00, 
2019-03-28, 19:37:01, 1934, 13.00, 270.57, 7481.55, 0.00, 
2019-03-28, 19:38:23, 2123, 13.55, 329.66, 35236.33, 0.00, 
2019-03-28, 19:39:40, 50109, 24.14, 837.96, 35040.57, 0.10, 
2019-03-28, 19:40:59, 132179, 24.77, 888.70, 38722.67, 0.46, 
2019-03-28, 19:42:16, 125247, 24.84, 896.48, 39490.35, 0.45, 
2019-03-28, 19:43:35, 120299, 24.90, 910.00, 41225.65, 0.45, 
2019-03-28, 19:44:54, 131033, 24.84, 906.09, 40920.09, 0.44, 
2019-03-28, 19:46:14, 123718, 25.03, 929.84, 43058.45, 0.45, 
2019-03-28, 19:47:34, 122826, 24.94, 921.41, 42278.59, 0.44, 
2019-03-28, 19:48:54, 134928, 25.04, 928.56, 42849.86, 0.44, 
2019-03-28, 19:50:13, 124500, 24.90, 927.34, 43778.87, 0.43, 
2019-03-28, 19:51:34, 121991, 25.08, 934.35, 43845.36, 0.43, 
2019-03-28, 19:52:56, 125491, 25.09, 941.46, 44218.49, 0.44, 
2019-03-28, 19:54:18, 126044, 25.22, 965.78, 115865.70, 0.43, 
2019-03-28, 19:55:40, 117179, 25.10, 945.87, 45148.79, 0.43, 
2019-03-28, 19:56:59, 124076, 24.97, 934.19, 43784.65, 0.42, 
2019-03-28, 19:58:18, 126156, 25.12, 941.20, 43980.54, 0.42, 
2019-03-28, 19:59:37, 124002, 25.17, 942.74, 43877.14, 0.42, 
2019-03-28, 20:00:56, 126772, 24.98, 935.70, 43897.99, 0.42, 
2019-03-28, 20:02:16, 136324, 24.99, 936.05, 43679.47, 0.42, 
2019-03-28, 20:03:35, 124264, 24.88, 929.08, 43230.63, 0.41, 
2019-03-28, 20:04:57, 127784, 24.93, 935.25, 44052.19, 0.42, 
2019-03-28, 20:06:15, 112500, 24.98, 933.11, 43348.90, 0.41, 
2019-03-28, 20:07:36, 128348, 24.99, 934.07, 43400.09, 0.41, 
2019-03-28, 20:08:57, 117656, 25.01, 937.78, 43809.51, 0.42, 
2019-03-28, 20:10:16, 124194, 24.94, 930.34, 43054.98, 0.41, 
2019-03-28, 20:11:34, 125480, 24.89, 931.00, 43480.80, 0.41, 
2019-03-28, 20:12:52, 120994, 24.91, 927.93, 43048.15, 0.41, 
2019-03-28, 20:14:13, 122748, 24.79, 919.36, 42340.61, 0.41, 
2019-03-28, 20:15:30, 127545, 24.90, 925.33, 42634.45, 0.40, 
2019-03-28, 20:16:48, 121320, 24.74, 917.36, 42405.12, 0.40, 
2019-03-28, 20:18:06, 128716, 24.67, 913.58, 42117.38, 0.41, 
2019-03-28, 20:19:25, 116448, 24.76, 915.43, 41885.37, 0.40, 
2019-03-28, 20:20:43, 133668, 24.77, 920.35, 42482.46, 0.41, 
2019-03-28, 20:22:01, 126469, 24.85, 922.13, 42317.89, 0.41, 
2019-03-28, 20:23:20, 130532, 24.66, 911.97, 41952.15, 0.41, 
2019-03-28, 20:24:37, 123497, 24.84, 931.76, 43596.93, 0.41, 
2019-03-28, 20:25:55, 130328, 24.68, 907.55, 41266.95, 0.40, 
2019-03-28, 20:27:14, 129353, 24.60, 907.33, 41536.04, 0.40, 
2019-03-28, 20:28:35, 122477, 24.46, 898.61, 40950.04, 0.40, 
2019-03-28, 20:29:54, 118443, 24.76, 916.92, 42152.11, 0.40, 
2019-03-28, 20:31:13, 127090, 24.44, 897.28, 40854.36, 0.39, 
2019-03-28, 20:32:33, 123097, 24.52, 900.54, 40883.49, 0.40, 
2019-03-28, 20:33:52, 118763, 24.65, 905.09, 41064.64, 0.40, 
2019-03-28, 20:35:11, 124689, 24.57, 904.75, 41375.83, 0.40, 
2019-03-28, 20:36:29, 125741, 24.59, 902.59, 40879.91, 0.39, 
2019-03-28, 20:37:48, 125633, 24.65, 910.10, 41487.06, 0.40, 
2019-03-28, 20:39:10, 117423, 24.52, 900.35, 40790.98, 0.40, 
2019-03-28, 20:40:32, 117103, 24.36, 891.70, 40453.24, 0.40, 
2019-03-28, 20:41:52, 119217, 24.49, 897.80, 40716.60, 0.39, 
2019-03-28, 20:43:12, 123943, 24.40, 891.28, 40257.13, 0.39, 
2019-03-28, 20:44:31, 117700, 24.31, 883.27, 39539.21, 0.39, 
2019-03-28, 20:45:51, 122934, 24.40, 888.78, 39945.59, 0.39, 
2019-03-28, 20:47:12, 124793, 24.35, 884.72, 39633.54, 0.39, 
2019-03-28, 20:48:31, 137325, 24.18, 875.52, 39110.69, 0.39, 
2019-03-28, 20:49:49, 124900, 24.31, 883.85, 39688.68, 0.39, 
2019-03-28, 20:51:09, 124544, 24.34, 884.58, 39536.24, 0.39, 
2019-03-28, 20:52:27, 117136, 24.05, 863.48, 38145.12, 0.39, 
2019-03-28, 20:53:45, 130322, 24.07, 867.40, 38623.14, 0.39, 
2019-03-28, 20:55:03, 119538, 24.19, 874.20, 38812.34, 0.39, 
2019-03-28, 20:56:23, 126952, 24.20, 873.05, 38687.90, 0.38, 
2019-03-28, 20:57:41, 120524, 24.04, 868.43, 39534.00, 0.39, 
2019-03-28, 20:59:01, 125506, 24.06, 865.26, 38248.42, 0.38, 
2019-03-28, 21:00:19, 128009, 24.21, 878.53, 39318.31, 0.39, 
2019-03-28, 21:01:38, 120582, 24.10, 871.39, 38913.67, 0.38, 
2019-03-28, 21:02:58, 118762, 24.10, 867.43, 38506.57, 0.38, 
2019-03-28, 21:04:16, 127597, 24.06, 860.44, 37785.24, 0.38, 
2019-03-28, 21:05:37, 121811, 24.10, 867.31, 38538.89, 0.38, 
2019-03-28, 21:06:57, 116900, 24.19, 871.09, 38556.43, 0.38, 
2019-03-28, 21:08:18, 119056, 24.16, 868.85, 38407.05, 0.38, 
2019-03-28, 21:09:40, 118438, 24.06, 863.54, 38146.38, 0.38, 
2019-03-28, 21:11:03, 115314, 24.05, 858.42, 37586.32, 0.38, 
2019-03-28, 21:12:24, 129642, 23.89, 850.50, 37286.16, 0.38, 
2019-03-28, 21:13:45, 127621, 23.93, 855.59, 37641.17, 0.38, 
2019-03-28, 21:15:04, 118210, 23.85, 849.77, 37209.13, 0.38, 
2019-03-28, 21:16:23, 128892, 23.97, 857.16, 37756.47, 0.38, 
2019-03-28, 21:17:44, 127021, 23.76, 842.86, 36694.25, 0.38, 
2019-03-28, 21:19:05, 125901, 23.77, 841.87, 36640.29, 0.37, 
2019-03-28, 21:20:27, 121430, 23.89, 848.80, 36949.77, 0.38, 
2019-03-28, 21:21:49, 122841, 23.90, 852.94, 37413.79, 0.38, 
2019-03-28, 21:23:11, 125655, 23.73, 841.66, 36768.65, 0.37, 
2019-03-28, 21:24:34, 120839, 23.82, 844.91, 36794.79, 0.37, 
2019-03-28, 21:25:57, 122758, 23.73, 837.30, 36243.74, 0.37, 
2019-03-28, 21:27:16, 121865, 23.88, 850.13, 37120.37, 0.37, 
2019-03-28, 21:28:36, 125708, 23.74, 840.53, 36590.93, 0.37, 
2019-03-28, 21:29:59, 125361, 23.70, 838.95, 36584.33, 0.37, 
2019-03-28, 21:31:20, 123618, 23.62, 833.84, 36162.54, 0.37, 
2019-03-28, 21:32:41, 123455, 23.70, 838.34, 36426.85, 0.37, 
2019-03-28, 21:34:03, 125363, 23.64, 830.90, 35812.92, 0.37, 
2019-03-28, 21:35:26, 114760, 23.60, 831.10, 35944.70, 0.37, 
2019-03-28, 21:36:48, 125287, 23.69, 837.04, 36304.94, 0.37, 
2019-03-28, 21:38:13, 127848, 23.57, 829.74, 35841.39, 0.37, 
2019-03-28, 21:39:32, 128602, 23.59, 830.55, 35952.49, 0.37, 
2019-03-28, 21:40:51, 124163, 23.63, 832.62, 36132.22, 0.37, 
2019-03-28, 21:42:17, 125127, 23.58, 832.37, 36086.76, 0.37, 
2019-03-28, 21:43:38, 132655, 23.56, 825.81, 35391.34, 0.37, 
2019-03-28, 21:44:59, 124031, 23.62, 835.52, 36451.35, 0.37, 
2019-03-28, 21:46:18, 134605, 23.40, 818.34, 35153.83, 0.37, 
2019-03-28, 21:47:38, 127198, 23.47, 824.37, 35610.91, 0.37, 
2019-03-28, 21:48:58, 130205, 23.38, 817.68, 35260.21, 0.36, 
2019-03-28, 21:50:22, 127761, 23.28, 811.04, 34773.31, 0.36, 
2019-03-28, 21:51:49, 115522, 23.53, 826.56, 35758.24, 0.37, 
2019-03-28, 21:53:11, 124193, 23.46, 821.38, 35367.98, 0.37, 
2019-03-28, 21:54:35, 120774, 23.31, 811.82, 34771.09, 0.36, 
2019-03-28, 21:56:01, 126478, 23.17, 800.93, 33965.39, 0.36, 
2019-03-28, 21:57:24, 120587, 23.20, 808.98, 34824.32, 0.36, 
2019-03-28, 21:58:49, 122417, 23.31, 810.87, 34613.41, 0.36, 
2019-03-28, 22:00:12, 125455, 23.23, 806.33, 34417.04, 0.36, 
2019-03-28, 22:01:34, 122415, 23.27, 808.55, 34538.35, 0.36, 
2019-03-28, 22:02:59, 119795, 23.28, 809.58, 34578.10, 0.37, 
2019-03-28, 22:04:27, 120799, 23.35, 812.83, 34721.87, 0.36, 
2019-03-28, 22:05:48, 123844, 23.23, 803.81, 34120.41, 0.36, 
2019-03-28, 22:07:13, 126711, 23.11, 799.23, 34002.45, 0.36, 
2019-03-28, 22:08:38, 123474, 23.24, 805.33, 34264.97, 0.36, 
2019-03-28, 22:09:58, 124431, 23.10, 796.11, 33697.19, 0.35, 
2019-03-28, 22:11:18, 127484, 22.95, 787.81, 33268.75, 0.35, 
2019-03-28, 22:12:39, 122035, 23.19, 799.91, 33956.47, 0.35, 
2019-03-28, 22:14:05, 122549, 22.96, 788.30, 33229.19, 0.35, 
2019-03-28, 22:15:30, 127727, 22.93, 786.62, 33198.96, 0.35, 
2019-03-28, 22:16:55, 133519, 22.99, 792.21, 33621.58, 0.35, 
2019-03-28, 22:18:17, 130142, 22.98, 790.12, 33479.01, 0.35, 
2019-03-28, 22:19:38, 129414, 23.10, 796.24, 33658.59, 0.36, 
2019-03-28, 22:21:04, 132432, 22.91, 786.34, 33213.38, 0.35, 
2019-03-28, 22:22:32, 128210, 22.97, 785.43, 32871.47, 0.35, 
2019-03-28, 22:23:56, 124562, 22.80, 778.08, 32637.73, 0.35, 
2019-03-28, 22:25:22, 126087, 22.94, 787.89, 33300.67, 0.35, 
2019-03-28, 22:26:41, 132387, 22.77, 775.94, 32514.16, 0.35, 
2019-03-28, 22:28:02, 128718, 22.96, 791.12, 33511.09, 0.36, 
2019-03-28, 22:29:27, 130613, 22.86, 781.61, 32806.30, 0.36, 
2019-03-28, 22:30:51, 119613, 22.77, 778.71, 32796.25, 0.35, 
2019-03-28, 22:32:18, 126228, 22.83, 782.18, 32988.24, 0.35, 
2019-03-28, 22:33:40, 125145, 22.79, 778.30, 32655.66, 0.35, 
2019-03-28, 22:35:04, 129823, 22.88, 787.62, 50281.68, 0.35, 
2019-03-28, 22:36:27, 120051, 22.78, 777.68, 32631.88, 0.35, 
2019-03-28, 22:37:51, 134239, 22.71, 775.71, 32587.15, 0.35, 
2019-03-28, 22:39:15, 126495, 22.75, 775.90, 32599.64, 0.35, 
2019-03-28, 22:40:39, 132060, 22.70, 776.23, 32754.93, 0.35, 
2019-03-28, 22:42:00, 128455, 22.77, 776.98, 32668.49, 0.35, 
2019-03-28, 22:43:22, 132472, 22.53, 761.61, 31704.52, 0.35, 
2019-03-28, 22:44:46, 126729, 22.56, 762.49, 31704.68, 0.35, 
2019-03-28, 22:46:09, 124693, 22.65, 770.09, 32208.98, 0.35, 
2019-03-28, 22:47:32, 125177, 22.64, 769.87, 32282.45, 0.35, 
2019-03-28, 22:48:56, 125143, 22.72, 771.85, 32242.09, 0.35, 
2019-03-28, 22:50:16, 128803, 22.61, 763.73, 31688.58, 0.35, 
2019-03-28, 22:51:40, 127440, 22.64, 765.67, 31817.83, 0.35, 
2019-03-28, 22:53:01, 127517, 22.68, 768.73, 32024.84, 0.35, 
2019-03-28, 22:54:24, 134158, 22.62, 765.99, 31808.21, 0.35, 
2019-03-28, 22:55:49, 136891, 22.45, 755.36, 31281.15, 0.34, 
2019-03-28, 22:57:16, 127462, 22.47, 756.55, 31332.76, 0.34, 
2019-03-28, 22:58:37, 124933, 22.47, 756.39, 31373.55, 0.35, 
2019-03-28, 23:00:02, 129864, 22.55, 762.41, 31760.90, 0.34, 
2019-03-28, 23:01:23, 135293, 22.36, 751.54, 31026.83, 0.34, 
2019-03-28, 23:02:43, 136442, 22.57, 762.73, 31725.02, 0.35, 
2019-03-28, 23:04:08, 130368, 22.42, 755.31, 31324.33, 0.34, 
2019-03-28, 23:05:35, 127157, 22.42, 754.50, 31254.50, 0.35, 
2019-03-28, 23:06:55, 129997, 22.38, 751.51, 31088.89, 0.34, 
2019-03-28, 23:08:15, 137928, 22.45, 755.38, 31212.34, 0.34, 
2019-03-28, 23:09:36, 132151, 22.36, 754.43, 31446.88, 0.34, 
2019-03-28, 23:10:58, 134207, 22.44, 754.35, 31201.19, 0.34, 
2019-03-28, 23:12:19, 127296, 22.38, 752.44, 31134.69, 0.34, 
2019-03-28, 23:13:43, 128785, 22.39, 752.21, 31130.97, 0.34, 
2019-03-28, 23:15:08, 133659, 22.42, 751.82, 30975.24, 0.34, 
2019-03-28, 23:16:31, 124278, 22.30, 745.12, 30644.61, 0.34, 
2019-03-28, 23:17:52, 130209, 22.38, 751.06, 30984.52, 0.34, 
2019-03-28, 23:19:14, 131938, 22.25, 743.73, 30690.29, 0.34, 
2019-03-28, 23:20:33, 131666, 22.28, 747.88, 30948.20, 0.34, 
2019-03-28, 23:21:54, 125027, 22.18, 742.16, 30652.75, 0.34, 
2019-03-28, 23:23:18, 131833, 22.42, 753.96, 31230.00, 0.34, 
2019-03-28, 23:24:42, 133194, 22.34, 753.06, 31346.43, 0.34, 
2019-03-28, 23:26:04, 130088, 22.36, 749.36, 30885.25, 0.34, 
2019-03-28, 23:27:26, 136450, 22.21, 740.48, 30357.19, 0.34, 
2019-03-28, 23:28:47, 133281, 22.23, 743.49, 30613.70, 0.34, 
2019-03-28, 23:30:09, 126682, 22.26, 744.35, 30630.90, 0.34, 
2019-03-28, 23:31:28, 127710, 22.18, 739.08, 30335.48, 0.34, 
2019-03-28, 23:32:48, 138913, 22.06, 731.66, 29879.50, 0.34, 
2019-03-28, 23:34:07, 134278, 22.22, 742.21, 30545.25, 0.34, 
2019-03-28, 23:35:25, 122763, 22.02, 732.17, 30095.19, 0.33, 
2019-03-28, 23:36:49, 141240, 22.10, 735.16, 30248.47, 0.34, 
2019-03-28, 23:38:10, 135440, 22.22, 742.11, 31136.59, 0.34, 
2019-03-28, 23:39:28, 134930, 22.07, 731.67, 29819.32, 0.33, 
2019-03-28, 23:40:48, 128731, 22.12, 736.22, 30239.50, 0.34, 
2019-03-28, 23:42:10, 130841, 22.08, 730.20, 29746.89, 0.34, 
2019-03-28, 23:43:31, 135974, 22.11, 735.34, 30158.84, 0.34, 
2019-03-28, 23:44:52, 124596, 22.22, 739.06, 30253.20, 0.34, 
2019-03-28, 23:46:13, 122877, 21.89, 726.52, 42210.33, 0.33, 
2019-03-28, 23:47:33, 133127, 22.19, 739.20, 30367.52, 0.34, 
2019-03-28, 23:48:52, 134079, 22.01, 728.86, 29828.11, 0.34, 
2019-03-28, 23:50:16, 130926, 22.19, 735.30, 29981.57, 0.34, 
2019-03-28, 23:51:41, 128378, 22.08, 732.55, 29955.68, 0.34, 
2019-03-28, 23:53:00, 124500, 21.94, 725.89, 34519.64, 0.34, 
2019-03-28, 23:54:21, 126061, 22.04, 733.17, 30117.62, 0.34, 
2019-03-28, 23:55:44, 147135, 21.91, 722.66, 29376.82, 0.33, 
2019-03-28, 23:57:04, 131892, 21.66, 709.01, 28813.03, 0.33, 
2019-03-28, 23:58:26, 131844, 21.87, 720.25, 29273.70, 0.33, 
2019-03-28, 23:59:44, 132877, 21.96, 726.10, 29642.86, 0.34, 
2019-03-29, 00:01:06, 134834, 21.97, 725.11, 29465.08, 0.33, 
2019-03-29, 00:02:26, 128575, 21.95, 725.18, 29614.26, 0.34, 
2019-03-29, 00:03:46, 131750, 21.96, 726.65, 29680.29, 0.34, 
2019-03-29, 00:05:10, 128800, 22.01, 728.75, 29777.58, 0.33, 
2019-03-29, 00:06:30, 137435, 21.85, 718.50, 29201.67, 0.33, 
2019-03-29, 00:07:53, 123255, 21.86, 717.81, 29035.62, 0.33, 
2019-03-29, 00:09:12, 125975, 22.00, 726.76, 29515.05, 0.34, 
2019-03-29, 00:10:35, 135088, 21.81, 715.54, 28957.79, 0.34, 
2019-03-29, 00:11:54, 123704, 21.77, 714.05, 28876.56, 0.33, 
2019-03-29, 00:13:16, 135775, 21.67, 707.42, 28533.81, 0.33, 
2019-03-29, 00:14:40, 135577, 21.76, 713.35, 28952.12, 0.33, 
2019-03-29, 00:16:04, 134000, 21.73, 711.19, 28782.77, 0.33, 
2019-03-29, 00:17:28, 131671, 21.64, 709.17, 28780.00, 0.33, 
2019-03-29, 00:18:52, 130700, 21.73, 710.95, 28672.46, 0.33, 
2019-03-29, 00:20:16, 131333, 21.65, 706.31, 28440.67, 0.33, 
2019-03-29, 00:21:40, 127577, 21.72, 711.27, 28780.31, 0.33, 
2019-03-29, 00:23:04, 144321, 21.66, 706.39, 28406.99, 0.33, 
2019-03-29, 00:24:24, 140175, 21.50, 699.44, 28179.34, 0.33, 
2019-03-29, 00:25:45, 138175, 21.67, 706.09, 28352.27, 0.33, 
2019-03-29, 00:27:05, 128983, 21.65, 704.30, 28244.18, 0.33, 
2019-03-29, 00:28:26, 133882, 21.60, 705.43, 28531.98, 0.33, 
2019-03-29, 00:29:48, 127744, 21.69, 707.99, 28616.33, 0.33, 
2019-03-29, 00:31:07, 138272, 21.54, 698.30, 27981.21, 0.33, 
2019-03-29, 00:32:27, 142567, 21.62, 705.27, 28473.32, 0.33, 
2019-03-29, 00:33:49, 131547, 21.66, 707.11, 28550.39, 0.33, 
2019-03-29, 00:35:13, 127609, 21.71, 711.10, 28727.11, 0.33, 
2019-03-29, 00:36:35, 137572, 21.57, 701.96, 28276.37, 0.33, 
2019-03-29, 00:38:01, 135873, 21.47, 696.09, 27932.28, 0.33, 
2019-03-29, 00:39:22, 127107, 21.56, 701.98, 28269.15, 0.33, 
2019-03-29, 00:40:43, 135912, 21.53, 699.99, 28165.95, 0.33, 
2019-03-29, 00:42:07, 128938, 21.41, 694.05, 27896.69, 0.32, 
2019-03-29, 00:43:32, 133048, 21.66, 706.51, 28455.67, 0.33, 
2019-03-29, 00:44:59, 133703, 21.63, 705.20, 28386.43, 0.33, 
2019-03-29, 00:46:18, 132182, 21.40, 692.38, 27734.74, 0.33, 
2019-03-29, 00:47:43, 129186, 21.59, 701.49, 28167.63, 0.33, 
2019-03-29, 00:49:04, 128914, 21.39, 691.91, 27739.38, 0.32, 
2019-03-29, 00:50:24, 128804, 21.56, 698.93, 28025.44, 0.33, 
2019-03-29, 00:51:43, 131724, 21.50, 696.83, 27928.53, 0.33, 
2019-03-29, 00:53:02, 137263, 21.58, 702.79, 28341.59, 0.33, 
2019-03-29, 00:54:24, 140420, 21.46, 694.94, 27792.27, 0.33, 
2019-03-29, 00:55:44, 133672, 21.59, 702.74, 28308.59, 0.33, 
2019-03-29, 00:57:03, 136954, 21.50, 696.79, 27873.16, 0.33, 
2019-03-29, 00:58:25, 129305, 21.48, 699.28, 28192.65, 0.33, 
2019-03-29, 00:59:45, 131661, 21.35, 688.01, 27439.62, 0.32, 
2019-03-29, 01:01:04, 142249, 21.38, 689.80, 27516.86, 0.33, 
2019-03-29, 01:02:27, 142241, 21.40, 692.02, 27705.24, 0.33, 
2019-03-29, 01:03:46, 138551, 21.30, 687.01, 27500.17, 0.32, 
2019-03-29, 01:05:06, 135356, 21.25, 685.08, 27451.26, 0.32, 
2019-03-29, 01:06:26, 126637, 21.37, 688.95, 27445.17, 0.32, 
2019-03-29, 01:07:49, 136050, 21.38, 691.58, 27694.58, 0.32, 
2019-03-29, 01:09:12, 128407, 21.29, 682.75, 27031.71, 0.32, 
2019-03-29, 01:10:33, 139153, 21.31, 685.34, 27384.78, 0.32, 
2019-03-29, 01:11:54, 135081, 21.47, 693.81, 27704.92, 0.33, 
2019-03-29, 01:13:16, 137270, 21.08, 673.48, 26679.65, 0.32, 
2019-03-29, 01:14:38, 134214, 21.20, 680.26, 27086.51, 0.32, 
2019-03-29, 01:16:01, 127851, 21.25, 681.59, 27059.29, 0.32, 
2019-03-29, 01:17:21, 135131, 21.30, 686.49, 27329.55, 0.32, 
2019-03-29, 01:18:40, 136151, 21.32, 685.83, 27294.36, 0.32, 
2019-03-29, 01:20:01, 134416, 21.11, 674.10, 26702.69, 0.32, 
2019-03-29, 01:21:21, 128209, 21.31, 683.54, 27075.36, 0.32, 
2019-03-29, 01:22:47, 139221, 21.18, 676.58, 26741.97, 0.32, 
2019-03-29, 01:24:08, 137443, 21.21, 678.67, 26879.49, 0.32, 
2019-03-29, 01:25:27, 137220, 21.21, 682.03, 27146.86, 0.32, 
2019-03-29, 01:26:49, 146261, 21.24, 682.45, 27223.70, 0.32, 
2019-03-29, 01:28:09, 125460, 21.23, 681.78, 27230.34, 0.32, 
2019-03-29, 01:29:30, 131596, 21.13, 675.02, 26712.64, 0.32, 
2019-03-29, 01:30:50, 135697, 21.12, 675.08, 26699.57, 0.32, 
2019-03-29, 01:32:10, 142209, 21.19, 699.31, 91807.69, 0.33, 
2019-03-29, 01:33:31, 142944, 21.14, 675.40, 26986.00, 0.32, 
2019-03-29, 01:34:53, 142924, 21.23, 681.11, 27143.06, 0.33, 
2019-03-29, 01:36:15, 135712, 21.07, 670.95, 26536.93, 0.32, 
2019-03-29, 01:37:35, 140166, 21.21, 678.12, 26778.24, 0.32, 
2019-03-29, 01:38:55, 136463, 20.94, 665.56, 26320.40, 0.31, 
2019-03-29, 01:40:17, 141714, 21.09, 673.36, 26667.72, 0.32, 
2019-03-29, 01:41:38, 142224, 21.14, 674.96, 26720.30, 0.32, 
2019-03-29, 01:42:59, 134065, 21.04, 669.05, 26412.91, 0.32, 
2019-03-29, 01:44:21, 135443, 20.91, 661.70, 25986.42, 0.31, 
2019-03-29, 01:45:41, 140926, 20.95, 664.83, 26202.90, 0.32, 
2019-03-29, 01:47:04, 139627, 20.92, 663.74, 26095.87, 0.31, 
2019-03-29, 01:48:24, 132750, 21.01, 668.93, 26416.11, 0.32, 
2019-03-29, 01:49:44, 136987, 20.85, 659.89, 25893.38, 0.32, 
2019-03-29, 01:51:03, 137839, 20.83, 657.07, 25690.16, 0.32, 
2019-03-29, 01:52:25, 142983, 20.92, 664.03, 26222.26, 0.32, 
2019-03-29, 01:53:44, 142089, 20.85, 660.29, 26133.85, 0.31, 
2019-03-29, 01:55:05, 139466, 20.81, 655.25, 25573.94, 0.31, 
2019-03-29, 01:56:27, 141032, 20.96, 662.98, 25933.00, 0.31, 
2019-03-29, 01:57:49, 135578, 20.85, 659.99, 25960.83, 0.31, 
2019-03-29, 01:59:08, 146515, 20.97, 665.52, 26168.36, 0.32, 
2019-03-29, 02:00:29, 143121, 20.84, 659.34, 25871.08, 0.32, 
2019-03-29, 02:01:50, 140071, 20.82, 654.35, 25447.26, 0.31, 
2019-03-29, 02:03:11, 139822, 20.99, 664.99, 26055.76, 0.32, 
2019-03-29, 02:04:32, 136811, 20.92, 661.49, 25939.84, 0.31, 
2019-03-29, 02:05:50, 144202, 20.82, 655.76, 25613.65, 0.31, 
2019-03-29, 02:07:13, 139328, 20.92, 663.43, 26116.60, 0.32, 
2019-03-29, 02:08:33, 136851, 20.75, 652.35, 25525.76, 0.31, 
2019-03-29, 02:09:54, 141965, 20.81, 656.03, 25675.29, 0.31, 
2019-03-29, 02:11:14, 137830, 20.86, 659.71, 25906.21, 0.31, 
2019-03-29, 02:12:36, 135622, 20.82, 654.04, 25514.55, 0.31, 
2019-03-29, 02:13:55, 131792, 20.75, 652.42, 25414.77, 0.31, 
2019-03-29, 02:15:15, 136762, 20.57, 644.38, 25132.29, 0.30, 
2019-03-29, 02:16:35, 145225, 20.80, 656.11, 25662.40, 0.31, 
2019-03-29, 02:17:55, 139303, 20.74, 654.81, 25736.02, 0.31, 
2019-03-29, 02:19:18, 134785, 20.69, 650.91, 25532.59, 0.31, 
2019-03-29, 02:20:39, 139864, 20.68, 649.91, 25382.81, 0.31, 
2019-03-29, 02:21:59, 139642, 20.79, 654.90, 25591.46, 0.31, 
2019-03-29, 02:23:19, 131937, 20.80, 654.73, 25640.32, 0.31, 
2019-03-29, 02:24:40, 139399, 20.71, 647.74, 25128.52, 0.31, 
2019-03-29, 02:25:58, 141896, 20.64, 648.39, 25372.26, 0.31, 
2019-03-29, 02:27:18, 147652, 20.73, 653.79, 25665.87, 0.31, 
2019-03-29, 02:28:38, 134073, 20.74, 651.60, 25415.32, 0.31, 
2019-03-29, 02:29:57, 141986, 20.79, 653.49, 25453.64, 0.31, 
2019-03-29, 02:31:17, 141670, 20.59, 645.17, 25178.22, 0.31, 
2019-03-29, 02:32:36, 136661, 20.56, 643.97, 25139.23, 0.31, 
2019-03-29, 02:33:57, 142542, 20.72, 648.89, 25223.98, 0.31, 
2019-03-29, 02:35:17, 146251, 20.63, 647.26, 25284.87, 0.31, 
2019-03-29, 13:44:07, 145144, 18.54, 517.26, 18199.83, 0.23, 
2019-03-29, 13:45:31, 143566, 18.56, 519.52, 18373.28, 0.23, 
2019-03-29, 13:47:00, 142825, 18.73, 526.25, 18612.22, 0.24, 
2019-03-29, 13:48:27, 135324, 18.65, 522.85, 18508.05, 0.23, 
2019-03-29, 13:49:53, 139887, 18.59, 518.27, 18216.68, 0.23, 
2019-03-29, 13:51:21, 143501, 18.64, 519.90, 18237.10, 0.23, 
2019-03-29, 13:52:51, 143688, 18.59, 520.26, 18377.22, 0.23, 
2019-03-29, 13:54:22, 145692, 18.60, 518.64, 18208.56, 0.23, 
2019-03-29, 13:55:47, 143774, 18.43, 512.47, 18023.72, 0.23, 
2019-03-29, 13:57:10, 142093, 18.57, 517.09, 18156.56, 0.23, 
2019-03-29, 13:58:41, 144640, 18.61, 519.73, 18283.53, 0.24, 
2019-03-29, 14:00:06, 139014, 18.54, 517.40, 18243.37, 0.23, 
2019-03-29, 14:01:35, 146110, 18.51, 514.41, 18005.85, 0.23, 
2019-03-29, 14:03:01, 142392, 18.48, 512.75, 17903.74, 0.23, 
2019-03-29, 14:04:32, 144072, 18.59, 519.43, 18279.71, 0.23, 
2019-03-29, 14:05:57, 138316, 18.64, 521.12, 18319.22, 0.23, 
2019-03-29, 14:07:21, 139437, 18.63, 520.37, 18321.04, 0.23, 
2019-03-29, 14:08:46, 150914, 18.49, 512.14, 17871.36, 0.23, 
2019-03-29, 14:10:13, 148488, 18.50, 514.43, 18077.10, 0.23, 
